fv1768 = [
%n0            n1             n2             s0             s1             s2             s0l1           s0l2           s0r1           s0r2           s1l1           s1l2           s1r1           s1r2           n0l1           n0l2          n0s0 s0s1
0  0  0  0  0  1  1  1  1  1  2  2  2  2  2 -1 -1 -1 -1 -1 -2 -2 -2 -2 -2 -3 -3 -3 -3 -3 -1 -1 -1 -1 -1 -1 -1 -1 -1 -1 -1 -1 -1 -1 -1 -1 -1 -1 -1 -1 -2 -2 -2 -2 -2 -2 -2 -2 -2 -2 -2 -2 -2 -2 -2 -2 -2 -2 -2 -2  0  0  0  0  0  0  0  0  0  0 -1   -2;
0  0  0  0  0  0  0  0  0  0  0  0  0  0  0  0  0  0  0  0  0  0  0  0  0  0  0  0  0  0 -1 -1 -1 -1 -1 -2 -2 -2 -2 -2  1  1  1  1  1  2  2  2  2  2 -1 -1 -1 -1 -1 -2 -2 -2 -2 -2  1  1  1  1  1  2  2  2  2  2 -1 -1 -1 -1 -1 -2 -2 -2 -2 -2  0    0;
0 -2  2  1 -1  0 -2  2  1 -1  0 -2  2  1 -1  0 -2  2  1 -1  0 -2  2  1 -1  0 -2  2  1 -1  0 -2  2  1 -1  0 -2  2  1 -1  0 -2  2  1 -1  0 -2  2  1 -1  0 -2  2  1 -1  0 -2  2  1 -1  0 -2  2  1 -1  0 -2  2  1 -1  0 -2  2  1 -1  0 -2  2  1 -1  3    3;
];

fv804 = [
%n0 s0 s1 n1 n0l1 s0r1 s0l1 s1r1 s0r
  0 -1 -2  1  0   -1   -1   -2   -1;
  0  0  0  0 -1    1   -1    1    0;
  0  0  0  0  0    0    0    0    2;
];

fv708 = [
%n0 n0l1 n0l2 n1 s0 s0r s0r1 s0s1 s1
  0  0    0    1 -1 -1  -1   -2   -2;
  0 -1   -2    0  0  0   1    0    0;
  0  0    0    0  0  2   0    3    0;
];

fv808 = [
%n0 s0 s1 n1 n0l1 s0r1 s1r1l s0l1 s0r1l s2
  0 -1 -2  1  0   -1   -2    -1   -1    -3;
  0  0  0  0 -1    1    1    -1    1     0;
  0  0  0  0  0    0   -2     0   -2     0;
];
